//==================================================
//gef_d01_i.rsw#第250頁#
//==================================================
gef_d01_i,0,0,0,0	monster	藍草	1079,1,300000,0,0
gef_d01_i,0,0,0,0	monster	白草	1082,10,300000,0,0
gef_d01_i,0,0,0,0	monster	活死人	3751,15,5000,0,0
gef_d01_i,0,0,0,0	monster	活死人	3752,30,5000,0,0
gef_d01_i,0,0,0,0	monster	活死人	3753,30,5000,0,0
gef_d01_i,0,0,0,0	monster	幻影紅蝙蝠	3750,30,5000,0,0
gef_d01_i,0,0,0,0	monster	幻影夢魘	3754,30,5000,0,0
gef_d01_i,0,0,0,0	monster	毒血蘑菇	3755,10,5000,0,0
gef_d01_i,0,0,0,0	monster	暴走的波蜜	3756,3,600000,0,0
gef_d01_i,0,0,0,0	monster	暴走的波蜜	3756,1,1800000,0,0

gef_d01_i,0,0,0,0	boss_monster	憤怒的德古拉	3757,1,600000,0,MVP_Points::on01





