//==================================================
//pay_d03_i.rsw#月夜貓的惡夢#
//==================================================
pay_d03_i,0,0,0,0	monster	藍草	1079,1,300000,0,0
pay_d03_i,0,0,0,0	monster	綠草	1080,1,300000,0,0
pay_d03_i,0,0,0,0	monster	黃草	1081,1,300000,0,0
pay_d03_i,0,0,0,0	monster	白草	1082,5,300000,0,0
pay_d03_i,0,0,0,0	monster	白幽靈	1185,1,1800000,0,0

pay_d03_i,0,0,0,0	monster	狂怒九尾狐	3759,15,5000,0,0
pay_d03_i,0,0,0,0	monster	憤恨的殭屍	3760,10,5000,0,0
pay_d03_i,0,0,0,0	monster	憤恨的妖道	3761,10,5000,0,0
pay_d03_i,0,0,0,0	monster	憤恨的鬼女	3762,10,5000,0,0
pay_d03_i,0,0,0,0	monster	含冤的士兵	3763,10,5000,0,0
pay_d03_i,0,0,0,0	monster	真理超魔導師	3764,5,5000,0,0
pay_d03_i,0,0,0,0	monster	狂熱的冒險家	3765,10,5000,0,0

pay_d03_i,0,0,0,0	boss_monster	憤怒的月夜貓	3758,1,600000,0,MVP_Points::on01






