//==================================================
//ein_d02_i.rsw#¯Ç²ïµY¤ý°ê#
//==================================================
ein_d02_i,0,0,0,0	monster	³Ò¸LÄq¤uÅ]	20261,15,5000,0,0
ein_d02_i,0,0,0,0	monster	ÆF»î¸H¤ù	20262,25,5000,0,0
ein_d02_i,0,0,0,0	monster	¨¸©À¶ÂÂ`¥Û	20263,15,5000,0,0

ein_d02_i,0,0,0,0	monster	¨ª¬õª±°¸ºµ	20255,15,5000,0,0
ein_d02_i,0,0,0,0	monster	¼á¶Àª±°¸ºµ	20256,15,5000,0,0
ein_d02_i,0,0,0,0	monster	»Aºñª±°¸ºµ	20257,15,5000,0,0
ein_d02_i,0,0,0,0	monster	²b¥Õª±°¸ºµ	20258,15,5000,0,0
ein_d02_i,0,0,0,0	monster	ºÑÂÅª±°¸ºµ	20259,15,5000,0,0

ein_d02_i,0,0,0,0	boss_monster	¥ú½÷ª±°¸ºµ	20260,1,600000,0,MVP_Points::on01





