//==================================================
//iz_d04_i.rsw#深淵的海底洞窟上層#
//==================================================
iz_d04_i,0,0,0,0	monster	深淵的深海電鰻	20801,20,5000,0,0
iz_d04_i,0,0,0,0	monster	深淵的人魚	20802,20,5000,0,0
iz_d04_i,0,0,0,0	monster	深淵的狄奧斯	20803,20,5000,0,0
iz_d04_i,0,0,0,0	monster	深淵的烏賊	20804,20,5000,0,0
iz_d04_i,0,0,0,0	monster	深淵的人魚士兵	20805,20,5000,0,0
iz_d04_i,0,0,1,1	boss_monster	深淵的魔女	20843,1,600000,0,MVP_Points::on01

//==================================================
//iz_d05_i.rsw#深淵的海底洞窟下層#
//==================================================
iz_d05_i,0,0,0,0	monster	深淵的賽杜拉	20806,10,5000,0,0
iz_d05_i,0,0,0,0	monster	深淵的異變魚	20807,10,5000,0,0
iz_d05_i,0,0,0,0	monster	深淵的海神	20808,10,5000,0,0
iz_d05_i,0,0,0,0	monster	深淵的劍魚	20809,10,5000,0,0
iz_d05_i,0,0,0,0	monster	深淵的大腳龍蝦	20810,10,5000,0,0
iz_d05_i,0,0,0,0	boss_monster	深淵的魔鬼大烏賊	20811,1,600000,0,MVP_Points::on01


