//==================================================
//tur_d03_i.rsw#IR}t#
//==================================================
tur_d03_i,0,0,0,0	monster	ぃ不菲Ft	3799,10,5000,0,0
tur_d03_i,0,0,0,0	monster	ぃ不G攫t	3800,10,5000,0,0
tur_d03_i,0,0,0,0	monster	ぃ不羝Ft	3801,10,5000,0,0
tur_d03_i,0,0,0,0	monster	ぃ不━ホt	3802,10,5000,0,0
tur_d03_i,0,0,0,0	monster	ぃ不醯Kt	3803,10,5000,0,0

//==================================================
//tur_d04_i.rsw#IR侣}c#
//==================================================
tur_d04_i,0,0,0,0	monster	ぃ不菲Ft	3799,15,5000,0,0
tur_d04_i,0,0,0,0	monster	ぃ不G攫t	3800,15,5000,0,0
tur_d04_i,0,0,0,0	monster	ぃ不羝Ft	3801,15,5000,0,0
tur_d04_i,0,0,0,0	monster	ぃ不━ホt	3802,15,5000,0,0
tur_d04_i,0,0,0,0	monster	ぃ不醯Kt	3803,15,5000,0,0
tur_d04_i,0,0,0,0	boss_monster	ぃ不QtNx	3804,1,600000,0,MVP_Points::on01

