//==================================================
//ant_d02_i.rsw#幻影的螞蟻地獄密穴#
//==================================================
ant_d02_i,0,0,0,0	monster	勤勉白蟻	21386,20,5000,0,0
ant_d02_i,0,0,0,0	monster	勤勉戰蟻	21387,20,5000,0,0
ant_d02_i,0,0,0,0	monster	勤勉白蟻	21388,20,5000,0,0
ant_d02_i,0,0,0,0	monster	勤勉兵蟻	21389,20,5000,0,0
ant_d02_i,0,0,0,0	monster	勤勉工蟻	21390,20,5000,0,0
ant_d02_i,0,0,0,0	monster	綿軟白蟻幼蟲	21391,20,5000,0,0
ant_d02_i,0,0,0,0	monster	剛強基爾瑟	21392,20,5000,0,0
ant_d02_i,0,0,0,0	monster	剛強吸血蝙蝠	21393,20,5000,0,0
ant_d02_i,0,0,0,0	monster	勤勉黑蟻	21394,20,5000,0,0
ant_d02_i,0,0,0,0	boss_monster	無言蟻后	21395,1,600000,0,MVP_Points::on01


