//==================================================馬來亞地圖
ma_fild01,0,0,0,0	monster	食人波利	2316,10,0,0,0
ma_fild01,0,0,0,0	monster	邪魔馬	2313,70,0,0,0
ma_fild01,0,0,0,0	monster	惡魔嬰兒	2314,50,0,0,0

ma_fild02,0,0,0,0	monster	食人波利	2316,30,0,0,0
ma_fild02,0,0,0,0	monster	獨眼怪	2309,70,0,0,0
ma_fild02,0,0,0,0	monster	猛酷巫師	2312,20,0,0,0
ma_fild02,0,0,0,0	monster	食屍鬼	2315,10,0,0,0
ma_fild02,0,0,0,0	monster	昴坎圖	2310,50,0,0,0

ma_dun01,0,0,0,0	monster	瑪那能革	2311,70,0,0,0
ma_dun01,0,0,0,0	monster	惡魔嬰兒	2314,40,0,0,0
ma_dun01,0,0,0,0	monster	食屍鬼	2315,50,0,0,0
