//============================================================
//ba_maison.rsw#霸肋門德大宅庭院# 
//=========================================================
ba_maison,0,0,0,0	monster	守護者零件	20679,10,5000,0,0
ba_maison,0,0,0,0	monster	故障的β	20630,15,5000,0,0
ba_maison,0,0,0,0	monster	書蟲	20683,10,5000,0,0
ba_maison,0,0,0,0	monster	流浪魔法書	20684,10,5000,0,0
ba_maison,0,0,0,0	monster	掃地機器人Ω	20640,10,5000,0,0

//============================================================
//ba_pw01.rsw#第一魔力發電廠#
//=========================================================
ba_pw01,0,0,0,0	monster	邪心獵人偵察兵	20680,15,5000,0,0
ba_pw01,0,0,0,0	monster	菁英貝拉雷	20688,40,5000,0,0
ba_pw01,0,0,0,0	monster	釋放魔力	20690,40,5000,0,0
ba_pw01,0,0,0,0	monster	故障的β	20630,15,5000,0,0
ba_pw01,0,0,0,0	monster	魔癮朵洛爾	20689,40,5000,0,0

//============================================================
//ba_pw03.rsw#第二魔力發電廠#
//=========================================================
ba_pw03,0,0,0,0	monster	魔癮普拉加	20691,50,5000,0,0
ba_pw03,0,0,0,0	monster	魔癮薩納雷	20692,50,5000,0,0
ba_pw03,0,0,0,0	monster	強大魔力	20693,30,5000,0,0
ba_pw03,0,0,0,0	monster	尖銳魔力	20694,30,5000,0,0

//============================================================
//ba_pw02.rsw#汙水處理廠#
//=========================================================
ba_pw02,0,0,0,0	monster	邪心獵人偵察兵	20680,15,5000,0,0
ba_pw02,0,0,0,0	monster	下水道藍鼠	20686,50,5000,0,0
ba_pw02,0,0,0,0	monster	下水道瀑布	20687,40,5000,0,0
ba_pw02,0,0,0,0	monster	下水道貝納姆	20685,40,5000,0,0
ba_pw02,0,0,0,0	monster	菁英貝拉雷	20688,40,5000,0,0


//============================================================
//ba_bath.rsw#冥想大浴池#
//=========================================================
ba_bath,0,0,0,0	monster	熱池馬克	20644,30,5000,0,0
ba_bath,0,0,0,0	monster	熱池異變魚	20645,30,5000,0,0
ba_bath,0,0,0,0	monster	熱池食人魚	20646,40,5000,0,0
ba_bath,0,0,0,0	monster	熱池劍魚	20643,40,5000,0,0
ba_bath,0,0,0,0	monster	故障的搓澡師A	20633,20,5000,0,0
ba_bath,0,0,0,0	monster	故障的搓澡師B	20634,20,5000,0,0
ba_bath,0,0,0,0	monster	掃地機器人A	20635,3,5000,0,0
ba_bath,0,0,0,0	monster	掃地機器人B	20636,3,5000,0,0
ba_bath,0,0,0,0	monster	青琴公主	20647,2,5000,0,0

//============================================================
//ba_2whs01.rsw#塔耳塔羅斯儲藏室上層#
//=========================================================
ba_2whs01,0,0,0,0	monster	故障的掃地機器人Ω	20641,50,5000,0,0
ba_2whs01,0,0,0,0	monster	邪心獵人偵察兵	20682,20,5000,0,0
ba_2whs01,0,0,0,0	monster	故障的警衛型α	20639,50,5000,0,0

//============================================================
//ba_2whs02.rsw#塔耳塔羅斯儲藏室下層#
//=========================================================
ba_2whs02,0,0,0,0	monster	故障的倉管	20637,80,5000,0,0
ba_2whs02,0,0,0,0	monster	壞掉的掃地機器人	20641,20,5000,0,0
ba_2whs02,0,0,0,0	monster	故障的警衛型α	20639,80,5000,0,0


//============================================================
//ba_lost.rsw#失落的山谷飼養場#
//=========================================================
ba_lost,0,0,0,0	monster	紅肉食人火龍果	20649,30,5000,0,0
ba_lost,0,0,0,0	monster	黃肉食人火龍果	20650,30,5000,0,0
ba_lost,0,0,0,0	monster	藍肉食人火龍果	20651,30,5000,0,0
ba_lost,0,0,0,0	monster	紫肉食人火龍果	20652,30,5000,0,0
ba_lost,0,0,0,0	monster	綠肉食人火龍果	20653,30,5000,0,0
ba_lost,0,0,0,0	boss_monster	大王喵喵	20648,1,600000,0,MVP_Points::on01


//============================================================
//ba_lib.rsw#圖書館記憶迴廊#
//=========================================================
ba_lib,0,0,0,0	monster	掃地機器人	20640,15,5000,0,0
ba_lib,0,0,0,0	monster	邪心獵人偵察兵	20680,15,5000,0,0
ba_lib,0,0,0,0	monster	書蟲	20683,60,5000,0,0
ba_lib,0,0,0,0	monster	流浪魔法書	20684,60,5000,0,0
ba_lib,0,0,0,0	monster	故障的β	20630,10,5000,0,0



