//============================================================
//= gl_cas02_.rsw#¹ÚÆLªº§J¹p´µ¯Sº~©i¥j«°2F#
//= gl_chyard_.rsw#¹ÚÆLªº§J¹p´µ¯Sº~©i¦a¤U¼X³õ#
//============================================================
gl_chyard_,0,0,0,0	monster	¦u¹Ó«èÆF	2481,200,5000,0,0
gl_chyard_,0,0,0,0	monster	¬¾·â¦u¹Ó«èÆF	2733,2,5000,0,0
gl_chyard_,0,0,0,0	monster	¨g¼É´cÆF	1291,10,5000,0,0
gl_chyard_,0,0,0,0	monster	¼Z¸¨¯«¤÷	2480,5,5000,0,0
gl_chyard_,0,0,0,0	monster	³Q¶A©Gªº½c¤l	2479,23,5000,0,0
gl_chyard_,0,0,0,0	monster	°g¤Û¤§¤ý	1302,5,600000,60000,0
gl_chyard_,0,0,1,1	boss_monster	¶Â·t¤§¤ý	1272,1,600000,0,MVP_Points::on01

gl_cas02_,0,0,0,0	monster	¨ü¶A©GÄ_½c	2479,20,5000,0,0
gl_cas02_,0,0,0,0	monster	¨ü¶A©G®ÑÄy	2478,40,5000,0,0
gl_cas02_,0,0,0,0	monster	©t»î«èÆF	2477,120,5000,0,0
gl_cas02_,0,0,0,0	monster	¨³±¶©t»î«èÆF	2734,2,5000,0,0
gl_cas02_,0,0,0,0	monster	´c¹Ú¤§³Í¬ü©Ô	2485,2,5000,0,0
gl_cas02_,0,0,0,0	boss_monster	´c¹Ú¤§¤Ú­·¯S	2483,1,600000,0,MVP_Points::on01


