//==================================================
//c_tower2_.rsw#時間扭曲的鐘塔2樓#
//==================================================
c_tower2_,0,0,0,0	monster	被詛咒的書	2478,15,5000,0,0
c_tower2_,0,0,0,0	monster	被詛咒的箱子	2479,5,5000,0,0
c_tower2_,0,0,0,0	monster	變種朽魔	2919,50,5000,0,0
c_tower2_,0,0,0,0	monster	大古鐘	2916,50,5000,0,0
c_tower2_,0,0,0,0	monster	時間守護者	2918,10,5000,0,0
c_tower2_,0,0,0,0	monster	長者魔導士	2920,15,5000,0,0
c_tower2_,0,0,0,0	monster	鶚梟子爵	2921,10,0,0,0

//==================================================
//c_tower3_.rsw#時間扭曲的鐘塔3樓#
//==================================================
c_tower3_,0,0,0,0	monster	被詛咒的書	2478,10,5000,0,0
c_tower3_,0,0,0,0	monster	被詛咒的箱子	2479,10,5000,0,0
c_tower3_,0,0,0,0	monster	大鍾怪	2917,120,5000,0,0
c_tower3_,0,0,0,0	monster	時間守護者	2918,10,5000,0,0
c_tower3_,0,0,0,0	monster	鶚梟子爵	2921,10,5000,0,0
c_tower3_,0,0,0,0	monster	鶚梟假面	2923,10,5000,0,0
c_tower2_,0,0,0,0	monster	長者魔導士	2920,15,5000,0,0
c_tower3_,102,85,1,1	boss_monster	時間支配者	3074,1,600000,0,MVP_Points::on01


