//==================================================
// bl_grass.rsw#霸肋門德環境生態圈 - 草原
//==================================================
bl_grass,0,0,0,0	monster	草原之獨角飛馬	21548,40,5000,0,0
bl_grass,0,0,0,0	monster	草原之捕蟲堇妖	21549,45,5000,0,0
bl_grass,0,0,0,0	monster	草原之赤蒼蠅	21550,25,5000,0,0
bl_grass,0,0,0,0	monster	草原之搖滾蝗蟲	21551,40,5000,0,0
bl_grass,0,0,0,0	monster	草原之野豬	21552,40,5000,0,0
bl_grass,0,0,0,0	monster	草原之噬人花	21553,20,5000,0,0
bl_grass,0,0,0,0	monster	草原之希爾隊長	21554,45,5000,0,0
bl_grass,0,0,0,0	boss_monster	草原之蜂后	21555,1,600000,0,MVP_Points::on01


//==================================================
// bl_lava.rsw#霸肋門德環境生態圈 - 火焰
//==================================================
bl_lava,0,0,0,0	monster	火焰之爆炎蝙蝠	21556,40,5000,0,0
bl_lava,0,0,0,0	monster	火焰之七彩飛龍	21557,30,5000,0,0
bl_lava,0,0,0,0	monster	火焰之南瓜先生	21558,40,5000,0,0
bl_lava,0,0,0,0	monster	火焰之熔岩巨石	21559,35,5000,0,0
bl_lava,0,0,0,0	monster	火焰之狂暴米諾斯	21560,30,5000,0,0
bl_lava,0,0,0,0	monster	火焰之三頭龍	21561,15,5000,0,0
bl_lava,0,0,0,0	monster	火焰之俄希托斯	21562,35,5000,0,0
bl_lava,0,0,0,0	boss_monster	火焰之迪塔勒泰晤勒斯	21563,1,600000,0,MVP_Points::on01


//==================================================
// bl_ice.rsw#霸肋門德環境生態圈 - 寒冰
//==================================================
bl_ice,0,0,0,0	monster	寒冰之冰巨人	21564,35,5000,0,0
bl_ice,0,0,0,0	monster	寒冰之小雪獸	21565,35,5000,0,0
bl_ice,0,0,0,0	monster	寒冰之雪獸	21566,35,5000,0,0
bl_ice,0,0,0,0	monster	寒冰之變異蜈蚣	21567,35,5000,0,0
bl_ice,0,0,0,0	monster	寒冰之水精靈	21568,45,5000,0,0
bl_ice,0,0,0,0	monster	寒冰之天使方體惡魔	21569,25,5000,0,0
bl_ice,0,0,0,0	monster	寒冰之靈剋	21570,10,5000,0,0
bl_ice,0,0,0,0	boss_monster	寒冰之水晶龍	21571,1,600000,0,MVP_Points::on01


//==================================================
// bl_death.rsw#霸肋門德環境生態圈 - 死亡
//==================================================
bl_death,0,0,0,0	monster	死亡之狂暴木乃伊	21572,35,5000,0,0
bl_death,0,0,0,0	monster	死亡之南瓜魂	21573,35,5000,0,0
bl_death,0,0,0,0	monster	死亡之襤褸腐屍	21574,35,5000,0,0
bl_death,0,0,0,0	monster	死亡之惡靈	21575,35,5000,0,0
bl_death,0,0,0,0	monster	死亡之火焰骷髏頭	21576,35,5000,0,0
bl_death,0,0,0,0	monster	死亡之惡耗女妖	21577,45,5000,0,0
bl_death,0,0,0,0	monster	死亡之深淵騎士	21578,15,5000,0,0
bl_death,0,0,0,0	boss_monster	死亡之死靈騎士	21579,1,600000,0,MVP_Points::on01


//==================================================
// bl_temple.rsw#霸肋門德環境生態圈 - 聖殿
//==================================================
bl_temple,0,0,0,0	monster	聖殿之魯盜	21920,45,5000,0,0
bl_temple,0,0,0,0	monster	聖殿之聖天使波利	21921,50,5000,0,0
bl_temple,0,0,0,0	monster	聖殿之偽天使	21922,50,5000,0,0
bl_temple,0,0,0,0	monster	聖殿之紫色等離子體	21923,45,5000,0,0
bl_temple,0,0,0,0	monster	聖殿之慰勞者	21924,35,5000,0,0
bl_temple,0,0,0,0	monster	聖殿之瘧蚊	21925,10,5000,0,0
bl_temple,0,0,0,0	monster	聖殿之獅鷲獸	21926,30,5000,0,0
bl_temple,0,0,0,0	boss_monster	聖殿之蘭特克力斯	21927,1,600000,0,MVP_Points::on01

//==================================================
// bl_venom.rsw#霸肋門德環境生態圈 - 猛毒
//==================================================
bl_venom,0,0,0,0	monster	猛毒之科摩多龍	21928,35,5000,0,0
bl_venom,0,0,0,0	monster	猛毒之牛蛙	21929,35,5000,0,0
bl_venom,0,0,0,0	monster	猛毒之黑蛇	21930,25,5000,0,0
bl_venom,0,0,0,0	monster	猛毒之藍鼠	21931,35,5000,0,0
bl_venom,0,0,0,0	monster	猛毒之庫克雷	21932,35,5000,0,0
bl_venom,0,0,0,0	monster	猛毒之豬籠草	21933,50,5000,0,0
bl_venom,0,0,0,0	monster	猛毒之瘋狂螳螂	21934,35,5000,0,0
bl_venom,0,0,0,0	boss_monster	猛毒之劇毒凱美拉	21935,1,600000,0,MVP_Points::on01


//==================================================
// bl_soul.rsw#霸肋門德環境生態圈 - 靈魂
//==================================================
bl_soul,0,0,0,0	monster	靈魂之夢魘	21936,40,5000,0,0
bl_soul,0,0,0,0	monster	靈魂之白幽靈	21937,40,5000,0,0
bl_soul,0,0,0,0	monster	靈魂之傀儡娃娃	21938,40,5000,0,0
bl_soul,0,0,0,0	monster	靈魂之廢氣魔	21939,20,5000,0,0
bl_soul,0,0,0,0	monster	靈魂之紙妖	21940,40,5000,0,0
bl_soul,0,0,0,0	monster	靈魂之狂暴鬼火	21941,40,5000,0,0
bl_soul,0,0,0,0	monster	 靈魂之達納托斯的憎恨	21942,40,5000,0,0
bl_soul,0,0,0,0	boss_monster	靈魂之幽暗夢魘	21943,1,600000,0,MVP_Points::on01


//==================================================
// bl_depth1.rsw#霸肋門德環境生態圈深層1階
//==================================================
// 無法瞬移
//bl_depth1	mapflag	noteleport
bl_depth1,0,0,0,0	monster	深層虎蜥人	22140,10,1000,0,0
bl_depth1,0,0,0,0	monster	深層邪骸弓箭手	22141,10,1000,0,0
bl_depth1,0,0,0,0	monster	深層刺尾蜻蜓	22142,10,1000,0,0
bl_depth1,0,0,0,0	monster	深層熔岩蟾蜍	22143,10,1000,0,0
bl_depth1,0,0,0,0	monster	深層玩偶魔妖	22144,10,1000,0,0
bl_depth1,0,0,0,0	monster	深層史汀=	22145,10,1000,0,0
bl_depth1,0,0,0,0	monster	深層體諒墮天使	22146,10,1000,0,0
bl_depth1,0,0,0,0	monster	深層火焰傘蜥	22147,10,1000,0,0
bl_depth1,0,0,0,0	monster	深層神聖彩色皮影魔	22148,10,1000,0,0
bl_depth1,0,0,0,0	monster	深層神聖皮影魔	22149,10,1000,0,0
bl_depth1,0,0,0,0	monster	深層釣魚河童	22150,10,1000,0,0
bl_depth1,0,0,0,0	monster	深層邪骸士兵	22151,10,1000,0,0
bl_depth1,0,0,0,0	monster	深層黑暗捕蟲堇妖	22152,10,1000,0,0
bl_depth1,0,0,0,0	monster	深層果實食人蜘蛛	22153,10,1000,0,0
bl_depth1,0,0,0,0	monster	深層祈願墮天使	22154,10,1000,0,0
bl_depth1,0,0,0,0	monster	深層樹林哥布靈	22155,10,1000,0,0


//==================================================
// bl_depth2.rsw#霸肋門德環境生態圈深層2階
//==================================================
// 無法瞬移
//bl_depth2	mapflag	noteleport
bl_depth2,0,0,0,0	monster	深層杜尼爾	22252,25,1000,0,0
bl_depth2,0,0,0,0	monster	深層那迦	22253,25,1000,0,0
bl_depth2,0,0,0,0	monster	深層異種神木	22254,25,1000,0,0
bl_depth2,0,0,0,0	monster	深層獨眼袋頭蝦	22255,25,1000,0,0
bl_depth2,0,0,0,0	monster	深層冰凍蝙蝠弓箭手	22256,25,1000,0,0
bl_depth2,0,0,0,0	monster	深層火魔巫師	22257,25,1000,0,0
bl_depth2,0,0,0,0	monster	深層俄希托斯	22258,25,1000,0,0
bl_depth2,0,0,0,0	monster	深層夢羅克門徒之邪靈	22259,25,1000,0,0
bl_depth2,0,0,0,0	monster	深層火蜥蝪	22260,25,1000,0,0
bl_depth2,0,0,0,0	monster	深層嗜血蚊	22261,25,1000,0,0






